15 15 100 15
0 0 0 -1 -1 -1 0 0 0 0 -1 0 0 -1 0
-1 -1 0 -1 0 -1 -1 0 G6 -1 0 -1 0 0 0
-1 0 0 S4 0 S7 -1 0 -1 S8 0 F1 -1 S2 0
-1 F2 -1 0 -1 0 G2 F10 0 8 0 S5 0 0 0
0 -1 0 -1 F3 F4 0 -1 -1 0 0 0 -1 0 -1
0 G 0 0 0 -1 0 -1 0 -1 0 0 -1 0 0
F5 0 0 0 -1 0 S6 -1 0 0 0 0 -1 0 -1
-1 F6 9 -1 G8 -1 -1 0 0 0 0 -1 -1 0 0
S 0 0 0 0 -1 0 -1 -1 0 -1 0 0 -1 G3
0 -1 -1 0 0 0 0 G1 -1 G5 0 0 -1 0 -1
0 -1 0 0 0 -1 S3 -1 0 0 4 G 0 0 -1
0 0 0 0 -1 0 S1 0 0 0 -1 0 0 F8 0
0 0 -1 -1 -1 -1 0 F7 -1 0 S 0 0 0 0
0 0 0 0 0 -1 0 G4 0 F9 G7 0 0 0 0
0 -1 0 0 0 0 -1 0 0 -1 0 -1 0 0 -1
